28203902
26372693
28203412
28203016
28202690
12025991
28200311
28198585
28197797
28194983
28194723
28194658
28193886
28193087
18246565
28190355
28189828
28189612
28189565
28189362
28172555
28167624
28166837
26281566
28203566
28171952
28176133
26477077
26885178
25064152
27910643
27973596
5530308
28068348
28007566
12752726
22144008
26319873
26937457
28171565
27618789
24549333
28093897
19884963
28068409
28115917
27943006
27891831
27134675
28090870
20610803
27994147
26697120
28170153
25763715
28161462
22966368
27757201
28120442
